0 1 4
1 3 7
2 5 4
3 7 10
4 9 10
5 10 3
6 11 10
7 12 1
8 14 10
9 15 6
10 16 8
11 18 7
12 20 5
13 22 10
14 23 3
15 25 5
16 26 10
17 28 10
18 30 2
19 31 4
20 33 1
21 34 5
22 36 6
23 38 8
24 39 2
25 41 7
26 42 6
27 43 3
28 45 7
29 47 6
30 49 4
31 50 4
32 52 10
33 54 3
34 55 6
35 57 4
36 58 2
37 60 7
38 62 10
39 63 9
40 65 7
41 67 1
42 69 4
43 71 4
44 73 2
45 74 2
46 76 4
47 77 7
48 79 8
49 81 1
50 82 10
51 84 1
52 86 2
53 88 1
54 90 9
55 91 4
56 92 8
57 94 9
58 96 6
59 98 4
60 99 9
61 100 10
62 102 1
63 103 2
64 104 8
65 105 4
66 106 10
67 107 3
68 109 3
69 110 6
70 111 3
71 113 5
72 114 1
73 116 1
74 118 1
75 120 1
76 122 8
77 124 7
78 126 5
79 128 5
80 129 2
81 131 5
82 132 2
83 134 2
84 136 6
85 138 1
86 140 4
87 142 10
88 143 2
89 144 4
90 145 5
91 146 10
92 147 3
93 149 9
94 150 1
95 151 4
96 152 5
97 154 4
98 156 7
99 157 10
100 158 3
